ring topology
Number of nodes: 30
Number of paths: 15
Optimal solution: 15
The optimal path order:
[1, 2, 3, 4, 5, 6, 7, 8, 9, 10, 11, 12, 13, 14, 15, 16, 17, 18, 19, 20, 21, 22, 23, 24, 25, 26]
[26, 27]
[27, 28]
[28, 29]
[29, 30]
[30, 1]
[1, 2, 3, 4, 5, 6, 7, 8, 9, 10, 11, 12, 13, 14, 15, 16, 17, 18, 19, 20, 21, 22, 23]
[23, 24, 25]
[25, 26]
[26, 27, 28, 29, 30, 1]
[1, 2, 3, 4, 5, 6, 7, 8, 9, 10, 11, 12, 13, 14, 15, 16, 17, 18, 19, 20, 21, 22, 23, 24, 25, 26]
[26, 27, 28]
[28, 29]
[29, 30]
[30, 1]
